{
  "camera_angle_x": 0.6538382985632221,
  "camera_angle_y": 1.0895026621962325,
  "fl_x": 530.8385038126988,
  "fl_y": 528.1341353999226,
  "k1": 0.05962420194085531,
  "k2": -0.08442954916554775,
  "k3": 0,
  "k4": 0,
  "p1": -0.00640572684408485,
  "p2": -0.0004690312210028501,
  "is_fisheye": false,
  "cx": 176.22781617265963,
  "cy": 315.89526581362475,
  "w": 360.0,
  "h": 640.0,
  "aabb_scale": 16,
  "frames": [
    {
      "file_path": "./images/0002.jpg",
      "sharpness": 108.65092162475585,
      "transform_matrix": [
        [
          0.3393681228072063,
          0.16274689982296675,
          -0.926467875254497,
          -3.983821999673242
        ],
        [
          -0.9403670353286095,
          0.08300929627782283,
          -0.3298776979408968,
          -1.184394018134853
        ],
        [
          0.02321887368826754,
          0.9831698242864328,
          0.1812125287487974,
          0.08827862434195469
        ],
        [
          0.0,
          0.0,
          0.0,
          1.0
        ]
      ]
    },
    {
      "file_path": "./images/0001.jpg",
      "sharpness": 96.47268024020721,
      "transform_matrix": [
        [
          0.3200877141450591,
          0.15985667022382988,
          -0.9338038874927628,
          -4.031104479342706
        ],
        [
          -0.9468882339629152,
          0.08598983200926094,
          -0.30985225700913344,
          -1.1449425021191597
        ],
        [
          0.03076568934827907,
          0.9833878145644688,
          0.1788906889229966,
          0.11007093377145659
        ],
        [
          0.0,
          0.0,
          0.0,
          1.0
        ]
      ]
    },
    {
      "file_path": "./images/0003.jpg",
      "sharpness": 87.48221038801402,
      "transform_matrix": [
        [
          0.41265356746248605,
          0.16000055260325963,
          -0.8967256305500535,
          -3.8819112521933183
        ],
        [
          -0.9107146031917908,
          0.0916805327884839,
          -0.40273265504659744,
          -1.4608607797659692
        ],
        [
          0.01777483621508455,
          0.9828501936369186,
          0.18354713869657469,
          0.04493548856027477
        ],
        [
          0.0,
          0.0,
          0.0,
          1.0
        ]
      ]
    },
    {
      "file_path": "./images/0006.jpg",
      "sharpness": 131.0762943304368,
      "transform_matrix": [
        [
          0.6571945356241593,
          0.12451607744810123,
          -0.7433647078392542,
          -2.86676038352412
        ],
        [
          -0.7528184347218208,
          0.1566910987224881,
          -0.6393061112832961,
          -2.2786202500246633
        ],
        [
          0.03687474355725884,
          0.9797671387095049,
          0.19671453238354597,
          0.06935026223932639
        ],
        [
          0.0,
          0.0,
          0.0,
          1.0
        ]
      ]
    },
    {
      "file_path": "./images/0004.jpg",
      "sharpness": 127.8631419162326,
      "transform_matrix": [
        [
          0.515318661638666,
          0.14038025721913044,
          -0.8454230067890756,
          -3.670809513449452
        ],
        [
          -0.8566188002193256,
          0.11374206562711038,
          -0.5032563696742688,
          -1.8514267204301758
        ],
        [
          0.02551290049883237,
          0.9835426406351512,
          0.1788657765445119,
          0.021889549946040546
        ],
        [
          0.0,
          0.0,
          0.0,
          1.0
        ]
      ]
    },
    {
      "file_path": "./images/0005.jpg",
      "sharpness": 126.41716188324351,
      "transform_matrix": [
        [
          0.5849854059934522,
          0.1297154156088534,
          -0.8006035134736516,
          -3.334004847379853
        ],
        [
          -0.810313264641335,
          0.13536461436000152,
          -0.5701480810504524,
          -2.1040660061574203
        ],
        [
          0.03441639056457352,
          0.9822679533558445,
          0.18429644578485022,
          0.033702238002443714
        ],
        [
          0.0,
          0.0,
          0.0,
          1.0
        ]
      ]
    },
    {
      "file_path": "./images/0008.jpg",
      "sharpness": 105.44526035329558,
      "transform_matrix": [
        [
          0.8318456562431251,
          0.0970006709994844,
          -0.5464647052402847,
          -1.9444058685376038
        ],
        [
          -0.55442274959186,
          0.1903992438427921,
          -0.8101626643329961,
          -2.7703770439416906
        ],
        [
          0.025460144605493895,
          0.9769027576099837,
          0.21216216267039176,
          0.16440006034575047
        ],
        [
          0.0,
          0.0,
          0.0,
          1.0
        ]
      ]
    },
    {
      "file_path": "./images/0009.jpg",
      "sharpness": 59.22316286884826,
      "transform_matrix": [
        [
          0.8919121237919256,
          0.08398762327773229,
          -0.4443409081182951,
          -1.5466038383372787
        ],
        [
          -0.4515892336370264,
          0.21684241328088533,
          -0.8654747436324691,
          -2.825784275244201
        ],
        [
          0.0236627881111956,
          0.9725869868522296,
          0.2313322837885074,
          0.13552545898813198
        ],
        [
          0.0,
          0.0,
          0.0,
          1.0
        ]
      ]
    },
    {
      "file_path": "./images/0013.jpg",
      "sharpness": 66.76539470840265,
      "transform_matrix": [
        [
          0.9982905721930694,
          -0.02876324657105589,
          0.05087837630451168,
          0.11707977874282287
        ],
        [
          0.05669013907162647,
          0.2647587166458134,
          -0.9626468979289059,
          -2.7864930957239413
        ],
        [
          0.014218356470586002,
          0.9638856247817722,
          0.2659367231817165,
          0.2941011616564991
        ],
        [
          0.0,
          0.0,
          0.0,
          1.0
        ]
      ]
    },
    {
      "file_path": "./images/0010.jpg",
      "sharpness": 92.46231741868004,
      "transform_matrix": [
        [
          0.9373217588303359,
          0.06329793163629321,
          -0.34266790385449,
          -1.0655130074457362
        ],
        [
          -0.3474508315671103,
          0.24474044275152473,
          -0.9051961308606855,
          -2.786519696041111
        ],
        [
          0.026567651697428196,
          0.9675202776103536,
          0.2513934612402824,
          0.21461152878385104
        ],
        [
          0.0,
          0.0,
          0.0,
          1.0
        ]
      ]
    },
    {
      "file_path": "./images/0012.jpg",
      "sharpness": 58.44374763929579,
      "transform_matrix": [
        [
          0.996826249628925,
          0.0028266374901861346,
          -0.0795577666195322,
          -0.2889010138295859
        ],
        [
          -0.07747296070675572,
          0.26434063487093856,
          -0.9613126281888751,
          -2.8677065996530873
        ],
        [
          0.01831306822249329,
          0.9644252376056741,
          0.26372067165813623,
          0.21560325187170934
        ],
        [
          0.0,
          0.0,
          0.0,
          1.0
        ]
      ]
    },
    {
      "file_path": "./images/0014.jpg",
      "sharpness": 96.93485977359347,
      "transform_matrix": [
        [
          0.976375475090294,
          -0.06873147107119787,
          0.20485828414991847,
          0.4898296479491276
        ],
        [
          0.21579448853440175,
          0.261363494125342,
          -0.9408091531531844,
          -2.5506782569581983
        ],
        [
          0.011120720147521468,
          0.9627902725294045,
          0.27002077839391625,
          0.2684682150908554
        ],
        [
          0.0,
          0.0,
          0.0,
          1.0
        ]
      ]
    },
    {
      "file_path": "./images/0007.jpg",
      "sharpness": 101.74403532426622,
      "transform_matrix": [
        [
          0.758353084023407,
          0.1132753807399487,
          -0.6419262326223036,
          -2.40366227104387
        ],
        [
          -0.6511674234056947,
          0.1765044135075201,
          -0.7381240943822378,
          -2.483752949098538
        ],
        [
          0.02969152537961378,
          0.9777601342799447,
          0.20761390413890202,
          0.08934086487852877
        ],
        [
          0.0,
          0.0,
          0.0,
          1.0
        ]
      ]
    },
    {
      "file_path": "./images/0016.jpg",
      "sharpness": 83.08467054486688,
      "transform_matrix": [
        [
          0.8715100610680009,
          -0.13747611524288939,
          0.4707127906199597,
          1.1296592293448522
        ],
        [
          0.49036662804549563,
          0.25074815457236754,
          -0.8346651622524368,
          -2.2875629368891013
        ],
        [
          -0.0032838395465230596,
          0.9582409304401492,
          0.28594323857250237,
          0.26575536851674936
        ],
        [
          0.0,
          0.0,
          0.0,
          1.0
        ]
      ]
    },
    {
      "file_path": "./images/0011.jpg",
      "sharpness": 79.62014437781438,
      "transform_matrix": [
        [
          0.9758230036971786,
          0.0346413973584348,
          -0.21579953452852402,
          -0.7822147427938803
        ],
        [
          -0.21727475839802818,
          0.2607668859054584,
          -0.9406339939521067,
          -2.8047598876521107
        ],
        [
          0.023688496645504264,
          0.9647800810851109,
          0.26198902711064803,
          0.179405771006066
        ],
        [
          0.0,
          0.0,
          0.0,
          1.0
        ]
      ]
    },
    {
      "file_path": "./images/0015.jpg",
      "sharpness": 103.88126287161745,
      "transform_matrix": [
        [
          0.9449495285455471,
          -0.09239804790311101,
          0.31389964846029894,
          0.6987052002156264
        ],
        [
          0.32719407814736357,
          0.2556790434643955,
          -0.9097099878304473,
          -2.447972860050807
        ],
        [
          0.003797865171357051,
          0.9623361302223057,
          0.27183588568693146,
          0.24492906564754416
        ],
        [
          0.0,
          0.0,
          0.0,
          1.0
        ]
      ]
    },
    {
      "file_path": "./images/0020.jpg",
      "sharpness": 85.3390811481052,
      "transform_matrix": [
        [
          0.3040646723832956,
          -0.3098618083062445,
          0.9008497848253503,
          2.3980063446558635
        ],
        [
          0.952626862578709,
          0.09211237934254017,
          -0.2898574999294406,
          -1.0514077542031461
        ],
        [
          0.006836351968785237,
          0.9463091299267652,
          0.32319080272697837,
          0.4753002274819037
        ],
        [
          0.0,
          0.0,
          0.0,
          1.0
        ]
      ]
    },
    {
      "file_path": "./images/0023.jpg",
      "sharpness": 161.35450611389538,
      "transform_matrix": [
        [
          -0.0854538883067047,
          -0.3554941857786915,
          0.9307639426347946,
          2.4880646009130554
        ],
        [
          0.9963299902703023,
          -0.02587865870066388,
          0.08158949388173649,
          0.0423967020522019
        ],
        [
          -0.0049176682932533175,
          0.9343201694064435,
          0.35640095066816674,
          0.6041016343483782
        ],
        [
          0.0,
          0.0,
          0.0,
          1.0
        ]
      ]
    },
    {
      "file_path": "./images/0021.jpg",
      "sharpness": 137.53689317067466,
      "transform_matrix": [
        [
          0.1470742748540253,
          -0.319771960888875,
          0.9360101766346898,
          2.539748752908602
        ],
        [
          0.9889718264325457,
          0.030862364160507437,
          -0.14485248013459437,
          -0.7486324189814412
        ],
        [
          0.017432274683015364,
          0.9469917674224614,
          0.32078452003137475,
          0.5414370775366502
        ],
        [
          0.0,
          0.0,
          0.0,
          1.0
        ]
      ]
    },
    {
      "file_path": "./images/0018.jpg",
      "sharpness": 79.8220913567437,
      "transform_matrix": [
        [
          0.6305255220560513,
          -0.24177159814960664,
          0.7375527509421856,
          1.8190105456788075
        ],
        [
          0.7761663063124861,
          0.1941364322927436,
          -0.5998974167321617,
          -1.6447921630148161
        ],
        [
          0.001852297473540987,
          0.9507142262745321,
          0.3100629436285283,
          0.4105810805225254
        ],
        [
          0.0,
          0.0,
          0.0,
          1.0
        ]
      ]
    },
    {
      "file_path": "./images/0024.jpg",
      "sharpness": 147.40392450401404,
      "transform_matrix": [
        [
          -0.18790472483810317,
          -0.35247805307075764,
          0.9167611665778725,
          2.5593403499311145
        ],
        [
          0.9820529412959087,
          -0.051988281875080644,
          0.18129875631061468,
          0.25121345797812483
        ],
        [
          -0.01624299470833704,
          0.9343748930217047,
          0.3559209525609358,
          0.6163854587368611
        ],
        [
          0.0,
          0.0,
          0.0,
          1.0
        ]
      ]
    },
    {
      "file_path": "./images/0027.jpg",
      "sharpness": 126.05787326381359,
      "transform_matrix": [
        [
          -0.5477219170033149,
          -0.2872108570459194,
          0.7858184429544901,
          2.474247828969608
        ],
        [
          0.835930764180479,
          -0.14864135274741735,
          0.5283232966187488,
          1.4535533686122508
        ],
        [
          -0.03493507044457181,
          0.9462640603475929,
          0.32150251788410716,
          0.7406417348753448
        ],
        [
          0.0,
          0.0,
          0.0,
          1.0
        ]
      ]
    },
    {
      "file_path": "./images/0026.jpg",
      "sharpness": 143.84225378416082,
      "transform_matrix": [
        [
          -0.4218677298777195,
          -0.31193961139161386,
          0.8513056427575969,
          2.779583654398766
        ],
        [
          0.9062068157401695,
          -0.11547529010830436,
          0.4067611885130016,
          1.043469438490991
        ],
        [
          -0.02858016100566671,
          0.9430583949453433,
          0.33139710043738174,
          0.7123731780603944
        ],
        [
          0.0,
          0.0,
          0.0,
          1.0
        ]
      ]
    },
    {
      "file_path": "./images/0022.jpg",
      "sharpness": 179.55159229231467,
      "transform_matrix": [
        [
          0.016465867160963522,
          -0.3374314323551413,
          0.9412060899376142,
          2.5338593870323933
        ],
        [
          0.9998510107610528,
          0.0006800920550538493,
          -0.01724800727452937,
          -0.32503681990327066
        ],
        [
          0.005179913015981466,
          0.9413498637551553,
          0.33739235700827364,
          0.5590741630478552
        ],
        [
          0.0,
          0.0,
          0.0,
          1.0
        ]
      ]
    },
    {
      "file_path": "./images/0025.jpg",
      "sharpness": 112.29784762820023,
      "transform_matrix": [
        [
          -0.30481700345905904,
          -0.334416668008703,
          0.8917690769579609,
          2.764220006836069
        ],
        [
          0.9521496710462132,
          -0.08506972419237378,
          0.2935543321984289,
          0.6961021546662958
        ],
        [
          -0.02230691223321704,
          0.9385779851678578,
          0.3443454188502654,
          0.6783647202205214
        ],
        [
          0.0,
          0.0,
          0.0,
          1.0
        ]
      ]
    },
    {
      "file_path": "./images/0028.jpg",
      "sharpness": 155.62101489105225,
      "transform_matrix": [
        [
          -0.6869367424035948,
          -0.24770941342667627,
          0.6831968665721513,
          2.1796951720261
        ],
        [
          0.7257806349899754,
          -0.18613408990086602,
          0.6622662383440427,
          1.823022695411089
        ],
        [
          -0.036883354449963435,
          0.9507860680158369,
          0.3076450407365663,
          0.7322501489413837
        ],
        [
          0.0,
          0.0,
          0.0,
          1.0
        ]
      ]
    },
    {
      "file_path": "./images/0017.jpg",
      "sharpness": 100.4913803340017,
      "transform_matrix": [
        [
          0.7664342955068273,
          -0.1901876359782882,
          0.6135202799013252,
          1.4686660083965453
        ],
        [
          0.6423188540677492,
          0.23024684647293084,
          -0.7310354843633844,
          -2.0234211128882236
        ],
        [
          -0.002227199107154909,
          0.9543663095820869,
          0.2986301839685778,
          0.37214187813613175
        ],
        [
          0.0,
          0.0,
          0.0,
          1.0
        ]
      ]
    },
    {
      "file_path": "./images/0034.jpg",
      "sharpness": 142.82005189879615,
      "transform_matrix": [
        [
          -0.8836321146659836,
          0.037179677802337885,
          -0.4667032864119271,
          -1.0858939436966453
        ],
        [
          -0.45437334236954485,
          -0.3084176918517229,
          0.8357172925677846,
          1.782691901044629
        ],
        [
          -0.11286785070326791,
          0.9505241706364405,
          0.28942123172261064,
          0.4641662963621589
        ],
        [
          0.0,
          0.0,
          0.0,
          1.0
        ]
      ]
    },
    {
      "file_path": "./images/0029.jpg",
      "sharpness": 156.0041377597386,
      "transform_matrix": [
        [
          -0.804415403546851,
          -0.21374383520637735,
          0.5542828082360868,
          1.7932905389618687
        ],
        [
          0.5924471741962797,
          -0.21977839781775377,
          0.7750508381000232,
          2.2497159550332797
        ],
        [
          -0.0438429510833635,
          0.9518461161446033,
          0.3034250597413423,
          0.6914929712882997
        ],
        [
          0.0,
          0.0,
          0.0,
          1.0
        ]
      ]
    },
    {
      "file_path": "./images/0030.jpg",
      "sharpness": 190.93125757732633,
      "transform_matrix": [
        [
          -0.8934692071632033,
          -0.18634211809289936,
          0.4086433542027392,
          1.254649449619599
        ],
        [
          0.4460389967259193,
          -0.2616857197357137,
          0.8559029135866875,
          2.390194393720008
        ],
        [
          -0.052554631539867225,
          0.946993769338278,
          0.3169239839401401,
          0.6612924189995678
        ],
        [
          0.0,
          0.0,
          0.0,
          1.0
        ]
      ]
    },
    {
      "file_path": "./images/0037.jpg",
      "sharpness": 35.58262805761643,
      "transform_matrix": [
        [
          -0.29426597778195346,
          0.2713118365450245,
          -0.916404616819914,
          -2.6140152399687544
        ],
        [
          -0.9541122498228863,
          -0.13905158415994345,
          0.2652064699070594,
          1.0044333434519817
        ],
        [
          -0.05547385928618802,
          0.9523941118834296,
          0.2997800971445078,
          0.6297309863673782
        ],
        [
          0.0,
          0.0,
          0.0,
          1.0
        ]
      ]
    },
    {
      "file_path": "./images/0031.jpg",
      "sharpness": 225.16116387108696,
      "transform_matrix": [
        [
          -0.9582409909604284,
          -0.1474741263560945,
          0.24500119460308706,
          0.6809077507155226
        ],
        [
          0.2791226099070782,
          -0.2961002433835316,
          0.9134633076960004,
          2.3844773973394484
        ],
        [
          -0.06216728990958614,
          0.9437033580405719,
          0.32489875368573873,
          0.6100006394299534
        ],
        [
          0.0,
          0.0,
          0.0,
          1.0
        ]
      ]
    },
    {
      "file_path": "./images/0036.jpg",
      "sharpness": 106.59059750245645,
      "transform_matrix": [
        [
          -0.5090816185008871,
          0.16087926848493356,
          -0.8455493875194553,
          -2.097291231748951
        ],
        [
          -0.8558367467630459,
          -0.1990916779679612,
          0.4773949797117589,
          1.3374661212377994
        ],
        [
          -0.09153889125162276,
          0.9666852459779978,
          0.23904030341175164,
          0.4854204505519971
        ],
        [
          0.0,
          0.0,
          0.0,
          1.0
        ]
      ]
    },
    {
      "file_path": "./images/0032.jpg",
      "sharpness": 196.15340990756943,
      "transform_matrix": [
        [
          -0.9933464161807491,
          -0.10849209940740867,
          0.03863109997516334,
          -0.02420285528397262
        ],
        [
          0.07226087417885743,
          -0.3259771401146585,
          0.9426119404005124,
          2.2929476107333566
        ],
        [
          -0.0896730928511556,
          0.9391317099007277,
          0.3316479578344249,
          0.5285551692498547
        ],
        [
          0.0,
          0.0,
          0.0,
          1.0
        ]
      ]
    },
    {
      "file_path": "./images/0038.jpg",
      "sharpness": 97.31342377746957,
      "transform_matrix": [
        [
          -0.20525951493460448,
          0.33586259230083326,
          -0.9192740889854514,
          -2.935834876092641
        ],
        [
          -0.9786906132847437,
          -0.0649065510444857,
          0.19481227656358194,
          0.9985816426021137
        ],
        [
          0.005763245638064213,
          0.9396719953166928,
          0.3420282536217758,
          0.936157222125993
        ],
        [
          0.0,
          0.0,
          0.0,
          1.0
        ]
      ]
    },
    {
      "file_path": "./images/0033.jpg",
      "sharpness": 201.47936631944444,
      "transform_matrix": [
        [
          -0.9834262781642398,
          -0.06979168396294183,
          -0.16733761180292028,
          -0.5227201388481894
        ],
        [
          -0.13913958537562526,
          -0.3012324618276429,
          0.9433446770522429,
          2.0144730042717396
        ],
        [
          -0.11624513432870581,
          0.9509932307035397,
          0.28652913282814,
          0.3830116067615648
        ],
        [
          0.0,
          0.0,
          0.0,
          1.0
        ]
      ]
    },
    {
      "file_path": "./images/0035.jpg",
      "sharpness": 262.8640650182465,
      "transform_matrix": [
        [
          -0.7156174239863435,
          0.11860987996747518,
          -0.688348312207931,
          -1.6303253861289304
        ],
        [
          -0.6923296661315584,
          -0.25106551392380855,
          0.676495189275121,
          1.6727000162942685
        ],
        [
          -0.092581509564574,
          0.9606757018613554,
          0.2617839949237498,
          0.4737893457576068
        ],
        [
          0.0,
          0.0,
          0.0,
          1.0
        ]
      ]
    },
    {
      "file_path": "./images/0019.jpg",
      "sharpness": 141.763937109375,
      "transform_matrix": [
        [
          0.5044589554605932,
          -0.2862227614836388,
          0.8146150582468656,
          2.1360267715789565
        ],
        [
          0.8633871237179618,
          0.1572103031986747,
          -0.47942423297769377,
          -1.3337414990134873
        ],
        [
          0.009156247587855215,
          0.9451779998675245,
          0.3264271921192178,
          0.4780902554344073
        ],
        [
          0.0,
          0.0,
          0.0,
          1.0
        ]
      ]
    },
    {
      "file_path": "./images/0041.jpg",
      "sharpness": 115.40040091128883,
      "transform_matrix": [
        [
          -0.18343709437994654,
          0.23647530060066718,
          -0.9541646947301723,
          -5.231832906991358
        ],
        [
          -0.9829872124828549,
          -0.034916828476142484,
          0.18032458286211878,
          1.3198684029351102
        ],
        [
          0.009325904954125164,
          0.9710099110478703,
          0.23885723811912196,
          1.739525541141788
        ],
        [
          0.0,
          0.0,
          0.0,
          1.0
        ]
      ]
    },
    {
      "file_path": "./images/0040.jpg",
      "sharpness": 102.73376870659722,
      "transform_matrix": [
        [
          -0.22061506392562028,
          0.2956565914440481,
          -0.9294709105523629,
          -4.343401917841545
        ],
        [
          -0.9744639605744209,
          -0.025952554132872268,
          0.22303913216213223,
          1.369216435117509
        ],
        [
          0.04182084545265427,
          0.954941697135433,
          0.29383221745755744,
          1.5551319950696785
        ],
        [
          0.0,
          0.0,
          0.0,
          1.0
        ]
      ]
    },
    {
      "file_path": "./images/0039.jpg",
      "sharpness": 121.84286638633823,
      "transform_matrix": [
        [
          -0.22307731433495243,
          0.3348679327657114,
          -0.9154780060124768,
          -3.583960754158488
        ],
        [
          -0.9731639841081411,
          -0.02210362474761246,
          0.22904866253228767,
          1.2257672161955135
        ],
        [
          0.0564656698153459,
          0.9420057841841947,
          0.330812228846102,
          1.2708128449731153
        ],
        [
          0.0,
          0.0,
          0.0,
          1.0
        ]
      ]
    },
    {
      "file_path": "./images/0042.jpg",
      "sharpness": 132.90688718214625,
      "transform_matrix": [
        [
          -0.1736732370511574,
          0.19849079348400406,
          -0.964592666202952,
          -6.073236371259147
        ],
        [
          -0.98466944173436,
          -0.05115066845125877,
          0.1667624047307332,
          1.472603816449285
        ],
        [
          -0.016238757621159082,
          0.9787670887791404,
          0.20433132097656503,
          1.78108082419158
        ],
        [
          0.0,
          0.0,
          0.0,
          1.0
        ]
      ]
    },
    {
      "file_path": "./images/0043.jpg",
      "sharpness": 136.7510123019748,
      "transform_matrix": [
        [
          -0.16802923116083532,
          0.19478121688205807,
          -0.9663469641302237,
          -7.050856533041422
        ],
        [
          -0.9851497088605443,
          -0.06828478950206865,
          0.15753488075561856,
          1.6677551542497766
        ],
        [
          -0.03530196325664612,
          0.9784668952655413,
          0.20336249978287407,
          1.8044128398770325
        ],
        [
          0.0,
          0.0,
          0.0,
          1.0
        ]
      ]
    },
    {
      "file_path": "./images/0045.jpg",
      "sharpness": 122.99564212480709,
      "transform_matrix": [
        [
          -0.09110056879959097,
          0.19538431245926396,
          -0.9764863833497464,
          -8.15605368431572
        ],
        [
          -0.9940118658347572,
          -0.07725687017962647,
          0.0772773355505763,
          1.3736165603062584
        ],
        [
          -0.06034150267539118,
          0.9776790610996904,
          0.20125246979951428,
          1.7902181609791787
        ],
        [
          0.0,
          0.0,
          0.0,
          1.0
        ]
      ]
    },
    {
      "file_path": "./images/0044.jpg",
      "sharpness": 125.50639749703116,
      "transform_matrix": [
        [
          -0.14220894418884286,
          0.19354462524623833,
          -0.9707301861430107,
          -7.825328158451281
        ],
        [
          -0.988602654638009,
          -0.07672610159126281,
          0.12952952009998336,
          1.6372194142027428
        ],
        [
          -0.049410600453637744,
          0.9780866952529358,
          0.20224986820836932,
          1.7636635245498824
        ],
        [
          0.0,
          0.0,
          0.0,
          1.0
        ]
      ]
    },
    {
      "file_path": "./images/0046.jpg",
      "sharpness": 121.64979592238062,
      "transform_matrix": [
        [
          -0.017380015593079577,
          0.1979476675203446,
          -0.9800584962335139,
          -7.675146368131247
        ],
        [
          -0.9979802647068702,
          -0.06333502323521695,
          0.004905719870098881,
          0.7053100149562505
        ],
        [
          -0.06110095182502712,
          0.9781642989871768,
          0.1986486293214768,
          1.7568455251741024
        ],
        [
          0.0,
          0.0,
          0.0,
          1.0
        ]
      ]
    },
    {
      "file_path": "./images/0047.jpg",
      "sharpness": 103.34269548061043,
      "transform_matrix": [
        [
          0.06891263133898674,
          0.2057229292062847,
          -0.9761808877964058,
          -7.216785432422717
        ],
        [
          -0.996134200224362,
          -0.03924331680247639,
          -0.07859145774035621,
          -0.11582561372530213
        ],
        [
          -0.05447664073325505,
          0.977823112093036,
          0.20222328532938755,
          1.7397001262468703
        ],
        [
          0.0,
          0.0,
          0.0,
          1.0
        ]
      ]
    },
    {
      "file_path": "./images/0051.jpg",
      "sharpness": 97.90589637991823,
      "transform_matrix": [
        [
          0.5351730892924672,
          0.25454501349413233,
          -0.8054791124918668,
          -4.556645816576671
        ],
        [
          -0.843985255856559,
          0.12075552910048075,
          -0.522596393106999,
          -2.612856508601338
        ],
        [
          -0.035758249527064856,
          0.959492020995736,
          0.27945734789870746,
          1.816683258543156
        ],
        [
          0.0,
          0.0,
          0.0,
          1.0
        ]
      ]
    },
    {
      "file_path": "./images/0052.jpg",
      "sharpness": 90.69281079636563,
      "transform_matrix": [
        [
          0.6657799060823413,
          0.25591169580201834,
          -0.7008896636896433,
          -3.6329296251964602
        ],
        [
          -0.7452786408452324,
          0.1827447413805426,
          -0.6412207942648819,
          -3.124988255206143
        ],
        [
          -0.0360120005165834,
          0.9492700161208067,
          0.3123932975771059,
          1.9587626653901447
        ],
        [
          0.0,
          0.0,
          0.0,
          1.0
        ]
      ]
    },
    {
      "file_path": "./images/0050.jpg",
      "sharpness": 93.92039737383053,
      "transform_matrix": [
        [
          0.372565215517241,
          0.2573855550258694,
          -0.8915984725810565,
          -5.265166345236137
        ],
        [
          -0.9273657711784279,
          0.06757841522284098,
          -0.36800256010339444,
          -1.9627049233593772
        ],
        [
          -0.034465731391019605,
          0.9639428582224583,
          0.26386792055856473,
          1.7479147069020737
        ],
        [
          0.0,
          0.0,
          0.0,
          1.0
        ]
      ]
    },
    {
      "file_path": "./images/0049.jpg",
      "sharpness": 112.19376473765432,
      "transform_matrix": [
        [
          0.2248445249736039,
          0.23257788066573704,
          -0.9462306637774349,
          -5.916955887419698
        ],
        [
          -0.9738104119285458,
          0.020012554943933197,
          -0.2264790923335204,
          -1.1950131624390645
        ],
        [
          -0.03373753416154969,
          0.9723718564047091,
          0.23098647518644655,
          1.7863844364843147
        ],
        [
          0.0,
          0.0,
          0.0,
          1.0
        ]
      ]
    },
    {
      "file_path": "./images/0053.jpg",
      "sharpness": 103.10010396291474,
      "transform_matrix": [
        [
          0.7792810105671502,
          0.25748809848315796,
          -0.5713326402081585,
          -2.7123482596802346
        ],
        [
          -0.6258594852181458,
          0.2732887396639503,
          -0.7304883089655924,
          -3.5026461885223736
        ],
        [
          -0.03195326846836316,
          0.926829619707198,
          0.37412009398841467,
          1.972549307428122
        ],
        [
          0.0,
          0.0,
          0.0,
          1.0
        ]
      ]
    },
    {
      "file_path": "./images/0054.jpg",
      "sharpness": 91.66407540326536,
      "transform_matrix": [
        [
          0.8637548310057996,
          0.23040201671927835,
          -0.448154552207259,
          -1.8228819534695435
        ],
        [
          -0.503327493475242,
          0.35163955355641074,
          -0.7893104957408222,
          -3.3371567723185906
        ],
        [
          -0.024269863373944822,
          0.9073392613117169,
          0.4196980327240276,
          1.9665866279786115
        ],
        [
          0.0,
          0.0,
          0.0,
          1.0
        ]
      ]
    },
    {
      "file_path": "./images/0048.jpg",
      "sharpness": 117.02299858517122,
      "transform_matrix": [
        [
          0.15979535886167606,
          0.21427548201955104,
          -0.9636137510173947,
          -6.66375790837894
        ],
        [
          -0.9863526474161793,
          -0.004572679071241948,
          -0.16458294425987488,
          -0.6953388683745294
        ],
        [
          -0.039672386145519815,
          0.9767625650431611,
          0.21062049607321381,
          1.7285082310534812
        ],
        [
          0.0,
          0.0,
          0.0,
          1.0
        ]
      ]
    },
    {
      "file_path": "./images/0055.jpg",
      "sharpness": 128.1458328016493,
      "transform_matrix": [
        [
          0.9484077083263925,
          0.1696730885138713,
          -0.2678317790694393,
          -0.9727824991933938
        ],
        [
          -0.31536987109469306,
          0.4179146348501261,
          -0.8519913159087044,
          -3.098328529270901
        ],
        [
          -0.03262917780616287,
          0.8925012050751538,
          0.44986324116712745,
          1.988991053288462
        ],
        [
          0.0,
          0.0,
          0.0,
          1.0
        ]
      ]
    },
    {
      "file_path": "./images/0056.jpg",
      "sharpness": 110.48584077932101,
      "transform_matrix": [
        [
          0.9993374718333314,
          0.03411692296309643,
          -0.012674897062796536,
          -0.04134438224470247
        ],
        [
          -0.027715446754315913,
          0.4876449028888647,
          -0.8726020299642683,
          -2.970931882736179
        ],
        [
          -0.023589647286418547,
          0.8723751969757855,
          0.48826739016717335,
          2.06500678272329
        ],
        [
          0.0,
          0.0,
          0.0,
          1.0
        ]
      ]
    },
    {
      "file_path": "./images/0058.jpg",
      "sharpness": 90.48493920597029,
      "transform_matrix": [
        [
          0.8212533598614853,
          -0.2966804146691997,
          0.4873639815642825,
          1.6662026225369657
        ],
        [
          0.5694201443783343,
          0.4802306623076724,
          -0.667187537470339,
          -2.2697619831154383
        ],
        [
          -0.03610565237269703,
          0.8254448755523602,
          0.5633268494838422,
          2.121196864166827
        ],
        [
          0.0,
          0.0,
          0.0,
          1.0
        ]
      ]
    },
    {
      "file_path": "./images/0057.jpg",
      "sharpness": 87.58923422307143,
      "transform_matrix": [
        [
          0.949528444400927,
          -0.13373832328047414,
          0.2837424786984487,
          0.802333066132898
        ],
        [
          0.3113290265399177,
          0.5123585871250382,
          -0.8003517448178554,
          -2.5796153119728125
        ],
        [
          -0.03834019510675157,
          0.8482940169116777,
          0.5281356742062854,
          2.0817308060910205
        ],
        [
          0.0,
          0.0,
          0.0,
          1.0
        ]
      ]
    },
    {
      "file_path": "./images/0060.jpg",
      "sharpness": 135.37231336261144,
      "transform_matrix": [
        [
          0.3218250195706135,
          -0.47008366505322563,
          0.8218576547594835,
          2.9777936442436204
        ],
        [
          0.9464088150381275,
          0.1846428798109027,
          -0.26498558782188086,
          -1.1658627927986622
        ],
        [
          -0.027184767859832537,
          0.8630923211576446,
          0.5043140228205216,
          2.36590343959865
        ],
        [
          0.0,
          0.0,
          0.0,
          1.0
        ]
      ]
    },
    {
      "file_path": "./images/0069.jpg",
      "sharpness": 102.36681243804176,
      "transform_matrix": [
        [
          -0.9535797354411812,
          -0.0025656446694332646,
          -0.301129715706726,
          -0.8023947594089751
        ],
        [
          -0.2562388950559003,
          -0.5184047744730408,
          0.8158419690504595,
          2.5210124208588653
        ],
        [
          -0.15820024295707055,
          0.8551315146301386,
          0.49368286973824593,
          2.283780790502614
        ],
        [
          0.0,
          0.0,
          0.0,
          1.0
        ]
      ]
    },
    {
      "file_path": "./images/0059.jpg",
      "sharpness": 148.75827689794843,
      "transform_matrix": [
        [
          0.6047750728976711,
          -0.42976743435648684,
          0.6704827094165189,
          2.423498662794337
        ],
        [
          0.7957764436271821,
          0.3593176984755476,
          -0.48747373604159794,
          -1.8759634531266318
        ],
        [
          -0.03141596716042397,
          0.8283663102632525,
          0.5593051877879563,
          2.2056388965025895
        ],
        [
          0.0,
          0.0,
          0.0,
          1.0
        ]
      ]
    },
    {
      "file_path": "./images/0071.jpg",
      "sharpness": 104.39175147019374,
      "transform_matrix": [
        [
          -0.6450734177033095,
          0.21564103157867853,
          -0.7330615467547803,
          -2.324048370653172
        ],
        [
          -0.7485230405689844,
          -0.3711761174889333,
          0.5494920814199665,
          2.108008677493444
        ],
        [
          -0.15360189952315495,
          0.9031761928635749,
          0.4008481273071364,
          2.125359996605294
        ],
        [
          0.0,
          0.0,
          0.0,
          1.0
        ]
      ]
    },
    {
      "file_path": "./images/0070.jpg",
      "sharpness": 152.01929181840688,
      "transform_matrix": [
        [
          -0.7765569337119009,
          0.15939811817830868,
          -0.6095503003718731,
          -1.675564952605577
