{
  "camera_angle_x": 0.6050147751869215,
  "camera_angle_y": 1.0956072194701336,
  "fl_x": 576.7646427949422,
  "fl_y": 524.5151294799525,
  "k1": 0.028134798034170558,
  "k2": -0.09235492422561045,
  "k3": 0,
  "k4": 0,
  "p1": 0.017310008335736714,
  "p2": 0.0030398972908964057,
  "is_fisheye": false,
  "cx": 189.47636643605674,
  "cy": 308.2170723835691,
  "w": 360.0,
  "h": 640.0,
  "aabb_scale": 16,
  "frames": [
    {
      "file_path": "./images/0006.jpg",
      "sharpness": 1631.8455121524764,
      "transform_matrix": [
        [
          0.4211290244218078,
          -0.044568324598193834,
          -0.9059050773871054,
          -8.49922209564663
        ],
        [
          -0.8998668606409028,
          0.10449329763189015,
          -0.42346284827632746,
          -4.125294097294754
        ],
        [
          0.11353403855490646,
          0.9935264542004796,
          0.0038996021501340045,
          -0.31733723117867396
        ],
        [
          0.0,
          0.0,
          0.0,
          1.0
        ]
      ]
    },
    {
      "file_path": "./images/0007.jpg",
      "sharpness": 1885.249764169123,
      "transform_matrix": [
        [
          0.4102382910128933,
          -0.07153057102759033,
          -0.9091688083073347,
          -8.137377671192704
        ],
        [
          -0.903990867171754,
          0.09975931799098983,
          -0.415750635049466,
          -3.762023341896984
        ],
        [
          0.12043694058559234,
          0.9924371294374761,
          -0.023737890807286745,
          -0.3453282835905424
        ],
        [
          0.0,
          0.0,
          0.0,
          1.0
        ]
      ]
    },
    {
      "file_path": "./images/0013.jpg",
      "sharpness": 1522.434601562199,
      "transform_matrix": [
        [
          0.5308650034171893,
          -0.09650289463122178,
          -0.8419439051851106,
          -5.218057898457893
        ],
        [
          -0.8404829407156793,
          0.06723534747630086,
          -0.5376502900730794,
          -3.231612685082074
        ],
        [
          0.10849320031204288,
          0.9930592124245234,
          -0.045416143699462314,
          -0.304010460112286
        ],
        [
          0.0,
          0.0,
          0.0,
          1.0
        ]
      ]
    },
    {
      "file_path": "./images/0003.jpg",
      "sharpness": 1595.6362450288557,
      "transform_matrix": [
        [
          0.5232429091319512,
          -0.06255754881014801,
          -0.8498843516230256,
          -9.273602838378872
        ],
        [
          -0.8391286621530295,
          0.1360750989986625,
          -0.5266371196429028,
          -5.561409146088507
        ],
        [
          0.14859322460181404,
          0.9887214575010482,
          0.01870649841984602,
          -0.1920679997476393
        ],
        [
          0.0,
          0.0,
          0.0,
          1.0
        ]
      ]
    },
    {
      "file_path": "./images/0005.jpg",
      "sharpness": 1481.5085315728081,
      "transform_matrix": [
        [
          0.4441946233234383,
          -0.038790953653521545,
          -0.8950901622344483,
          -8.839004748327964
        ],
        [
          -0.8891070772656126,
          0.10398003821910906,
          -0.44573170944880547,
          -4.55364395286055
        ],
        [
          0.11036186736182006,
          0.9938226268153978,
          0.011698062482665438,
          -0.27595490540153744
        ],
        [
          0.0,
          0.0,
          0.0,
          1.0
        ]
      ]
    },
    {
      "file_path": "./images/0009.jpg",
      "sharpness": 1715.2288627927999,
      "transform_matrix": [
        [
          0.42212420630089115,
          -0.08606099004807377,
          -0.9024437159460306,
          -7.2269289197692395
        ],
        [
          -0.898171819180697,
          0.09522820511256151,
          -0.4292073766615377,
          -3.370131574514989
        ],
        [
          0.12287610705607928,
          0.9917283372711738,
          -0.037099425491371865,
          -0.3751299764878608
        ],
        [
          0.0,
          0.0,
          0.0,
          1.0
        ]
      ]
    },
    {
      "file_path": "./images/0011.jpg",
      "sharpness": 1917.3430255711685,
      "transform_matrix": [
        [
          0.46999222595997403,
          -0.09397656845387416,
          -0.8776535262405739,
          -6.254503912593011
        ],
        [
          -0.874946843232418,
          0.08164903075302217,
          -0.47728550920253077,
          -3.2607303418101456
        ],
        [
          0.11651321408212892,
          0.9922206611245287,
          -0.04385009219544526,
          -0.3284344239002029
        ],
        [
          0.0,
          0.0,
          0.0,
          1.0
        ]
      ]
    },
    {
      "file_path": "./images/0012.jpg",
      "sharpness": 1507.7778566784332,
      "transform_matrix": [
        [
          0.49771426265957824,
          -0.09594778420944547,
          -0.8620177117984421,
          -5.739396638839307
        ],
        [
          -0.8599634150322648,
          0.07476367937935045,
          -0.5048497965253707,
          -3.2188595495511696
        ],
        [
          0.11288683515941879,
          0.99257463948795,
          -0.04530063461752308,
          -0.3222494930462343
        ],
        [
          0.0,
          0.0,
          0.0,
          1.0
        ]
      ]
    },
    {
      "file_path": "./images/0015.jpg",
      "sharpness": 1928.7583034184024,
      "transform_matrix": [
        [
          0.6091951311995766,
          -0.09508446991281413,
          -0.7872993304378083,
          -4.174722251074195
        ],
        [
          -0.7874477366566306,
          0.04495788149321613,
          -0.6147396610972752,
          -3.147079751309619
        ],
        [
          0.0938475048073289,
          0.9944534843202715,
          -0.04748592810932626,
          -0.27579808110567655
        ],
        [
          0.0,
          0.0,
          0.0,
          1.0
        ]
      ]
    },
    {
      "file_path": "./images/0016.jpg",
      "sharpness": 1522.4175161126025,
      "transform_matrix": [
        [
          0.6543574328351458,
          -0.09237039365704658,
          -0.7505225249602648,
          -3.6803524670367493
        ],
        [
          -0.7514779198508593,
          0.03113988219875375,
          -0.6590229462721875,
          -3.1348465593299415
        ],
        [
          0.08424539199096255,
          0.995237669160478,
          -0.0490376979068371,
          -0.24283926480699805
        ],
        [
          0.0,
          0.0,
          0.0,
          1.0
        ]
      ]
    },
    {
      "file_path": "./images/0008.jpg",
      "sharpness": 1734.9224758868752,
      "transform_matrix": [
        [
          0.40751708832374706,
          -0.07878886345457829,
          -0.9097923596751972,
          -7.67478103805683
        ],
        [
          -0.9048406655682323,
          0.09963567985917882,
          -0.4139276521725017,
          -3.530789441872829
        ],
        [
          0.12326066955401827,
          0.9918997158474205,
          -0.030688125498235706,
          -0.38316318747540506
        ],
        [
          0.0,
          0.0,
          0.0,
          1.0
        ]
      ]
    },
    {
      "file_path": "./images/0010.jpg",
      "sharpness": 1867.650168428379,
      "transform_matrix": [
        [
          0.4436457232837945,
          -0.09017443872997108,
          -0.8916541049170497,
          -6.750810447467524
        ],
        [
          -0.8882247570716884,
          0.08821299801600016,
          -0.4508605637067528,
          -3.27092707097163
        ],
        [
          0.11931158006574095,
          0.9920116116177423,
          -0.04095984962716416,
          -0.3502169633375054
        ],
        [
          0.0,
          0.0,
          0.0,
          1.0
        ]
      ]
    },
    {
      "file_path": "./images/0001.jpg",
      "sharpness": 1499.2528616770799,
      "transform_matrix": [
        [
          0.5947633998276695,
          -0.03290202742577554,
          -0.8032272124501244,
          -9.450888584552937
        ],
        [
          -0.7896724487309249,
          0.16324139133211044,
          -0.5914132834754926,
          -6.5378329353664935
        ],
        [
          0.15057862378904968,
          0.9860373749259339,
          0.07110818033576077,
          -0.10371209834420797
        ],
        [
          0.0,
          0.0,
          0.0,
          1.0
        ]
      ]
    },
    {
      "file_path": "./images/0004.jpg",
      "sharpness": 1402.5725821596313,
      "transform_matrix": [
        [
          0.4927511683964741,
          -0.06241528817346853,
          -0.867928924422861,
          -9.080837996785776
        ],
        [
          -0.8605340048562867,
          0.11307463511936064,
          -0.49668435990941495,
          -5.070477156786139
        ],
        [
          0.1291414438936551,
          0.9916241519338332,
          0.0020071806748957963,
          -0.23094076812758324
        ],
        [
          0.0,
          0.0,
          0.0,
          1.0
        ]
      ]
    },
    {
      "file_path": "./images/0014.jpg",
      "sharpness": 1743.896457888455,
      "transform_matrix": [
        [
          0.5675063083223143,
          -0.09654401117866931,
          -0.817689332157148,
          -4.678445699260692
        ],
        [
          -0.8170055670416634,
          0.057201905642269825,
          -0.5737855395649352,
          -3.177375847828712
        ],
        [
          0.10216894556865978,
          0.9936836498101942,
          -0.04641455229745961,
          -0.29874014454389636
        ],
        [
          0.0,
          0.0,
          0.0,
          1.0
        ]
      ]
    },
    {
      "file_path": "./images/0002.jpg",
      "sharpness": 1470.0533749045853,
      "transform_matrix": [
        [
          0.5596561658326688,
          -0.05137808410531248,
          -0.8271307445155427,
          -9.405512108396005
        ],
        [
          -0.8136521957525763,
          0.1554239820889521,
          -0.5601905837646918,
          -6.060078471607173
        ],
        [
          0.15733747294847178,
          0.9865108606948463,
          0.045180098948500204,
          -0.15182620055009277
        ],
        [
          0.0,
          0.0,
          0.0,
          1.0
        ]
      ]
    },
    {
      "file_path": "./images/0017.jpg",
      "sharpness": 1613.5217060790822,
      "transform_matrix": [
        [
          0.6992150695471937,
          -0.08735888755027156,
          -0.7095538818777497,
          -3.218931755710924
        ],
        [
          -0.7111252406487244,
          0.017022104421316533,
          -0.7028592605019619,
          -3.0999632030719178
        ],
        [
          0.07347910337173155,
          0.9960314617173203,
          -0.05022099800520134,
          -0.213258937343262
        ],
        [
          0.0,
          0.0,
          0.0,
          1.0
        ]
      ]
    },
    {
      "file_path": "./images/0018.jpg",
      "sharpness": 1821.6007232530196,
      "transform_matrix": [
        [
          0.7485865063925181,
          -0.07821389031414094,
          -0.6584077990217486,
          -2.8036086401559532
        ],
        [
          -0.6603814693236615,
          0.0008361978223498422,
          -0.7509298341037761,
          -3.164096189990628
        ],
        [
          0.059283702845969025,
          0.9969362507898002,
          -0.05102503740068626,
          -0.20056816476428715
        ],
        [
          0.0,
          0.0,
          0.0,
          1.0
        ]
      ]
    },
    {
      "file_path": "./images/0019.jpg",
      "sharpness": 1980.9184943191906,
      "transform_matrix": [
        [
          0.7913407104118765,
          -0.06457609083621313,
          -0.6079554330218877,
          -2.439388212736758
        ],
        [
          -0.6096422841968426,
          -0.008525627698576356,
          -0.7926308087575212,
          -3.1726022735540442
        ],
        [
          0.04600179742663546,
          0.997876366173862,
          -0.04611499180159041,
          -0.19627898931069365
        ],
        [
          0.0,
          0.0,
          0.0,
          1.0
        ]
      ]
    },
    {
      "file_path": "./images/0028.jpg",
      "sharpness": 1228.1403328503077,
      "transform_matrix": [
        [
          0.9987745172720794,
          0.026095833422472514,
          -0.04205319404757772,
          0.7965451830133898
        ],
        [
          -0.0463405772677746,
          0.1947323498955399,
          -0.9797611253783507,
          -2.706796336311356
        ],
        [
          -0.017378565824189653,
          0.98050921432983,
          0.19570300474925667,
          -0.16717977934022116
        ],
        [
          0.0,
          0.0,
          0.0,
          1.0
        ]
      ]
    },
    {
      "file_path": "./images/0027.jpg",
      "sharpness": 1330.0753877955121,
      "transform_matrix": [
        [
          0.9938209193065922,
          0.03144673863327345,
          -0.10644755977298102,
          0.3886162481024219
        ],
        [
          -0.11034293523857282,
          0.17607703484859027,
          -0.9781724359446378,
          -2.7914702757062004
        ],
        [
          -0.012017362239728768,
          0.9838739657252027,
          0.1784589660864805,
          -0.17307952221091477
        ],
        [
          0.0,
          0.0,
          0.0,
          1.0
        ]
      ]
    },
    {
      "file_path": "./images/0026.jpg",
      "sharpness": 1333.4816603731886,
      "transform_matrix": [
        [
          0.9896814431003055,
          0.021451577060126195,
          -0.14167028985719693,
          0.005878402234594664
        ],
        [
          -0.14328084896913743,
          0.1404807159814089,
          -0.9796610468708222,
          -2.9032344533558136
        ],
        [
          -0.0011133306873204914,
          0.9898509980207144,
          0.1421047578931467,
          -0.15309864820688113
        ],
        [
          0.0,
          0.0,
          0.0,
          1.0
        ]
      ]
    },
    {
      "file_path": "./images/0020.jpg",
      "sharpness": 1537.0752794487094,
      "transform_matrix": [
        [
          0.8295472998617731,
          -0.04558886487300295,
          -0.5565724864699337,
          -2.1173208926954046
        ],
        [
          -0.5575039480454295,
          -0.010035018744053764,
          -0.8301136345781627,
          -3.218668264309982
        ],
        [
          0.032258722981870866,
          0.9989098827232069,
          -0.033740494856800855,
          -0.17859831950236404
        ],
        [
          0.0,
          0.0,
          0.0,
          1.0
        ]
      ]
    },
    {
      "file_path": "./images/0022.jpg",
      "sharpness": 1692.3795653934997,
      "transform_matrix": [
        [
          0.8922733805853377,
          -0.004831800744944043,
          -0.4514696756195988,
          -1.4487397319754416
        ],
        [
          -0.4513050229775333,
          0.01950029760649217,
          -0.8921566648456467,
          -3.2584459894496463
        ],
        [
          0.013114516272696723,
          0.9997981756827283,
          0.015218980521545085,
          -0.14262866154237294
        ],
        [
          0.0,
          0.0,
          0.0,
          1.0
        ]
      ]
    },
    {
      "file_path": "./images/0030.jpg",
      "sharpness": 1240.2847916847327,
      "transform_matrix": [
        [
          0.9522190120405515,
          -0.041567822204434814,
          0.30257407236805417,
          1.5712516927509386
        ],
        [
          0.30449060234453534,
          0.20627051074505676,
          -0.9299128719836267,
          -2.4374212794344685
        ],
        [
          -0.02375765551733947,
          0.9776116777932291,
          0.20907171317593687,
          -0.1297031699858308
        ],
        [
          0.0,
          0.0,
          0.0,
          1.0
        ]
      ]
    },
    {
      "file_path": "./images/0025.jpg",
      "sharpness": 1210.1426129249103,
      "transform_matrix": [
        [
          0.9713671237681194,
          0.03036434643158227,
          -0.23563513603010425,
          -0.38686087221815746
        ],
        [
          -0.2375607467503958,
          0.11041317948644534,
          -0.9650771064526864,
          -2.973724483273139
        ],
        [
          -0.0032867110257134534,
          0.9934218319853482,
          0.11446510939671599,
          -0.16063585526582286
        ],
        [
          0.0,
          0.0,
          0.0,
          1.0
        ]
      ]
    },
    {
      "file_path": "./images/0029.jpg",
      "sharpness": 1265.8012668972249,
      "transform_matrix": [
        [
          0.9911070375544011,
          -0.01213234844929434,
          0.13251281536114204,
          1.204079405151498
        ],
        [
          0.13193746900956307,
          0.21907670932594567,
          -0.9667460368174607,
          -2.590552153496479
        ],
        [
          -0.01730157175219178,
          0.9756322060876921,
          0.21872917972474662,
          -0.1365595567304621
        ],
        [
          0.0,
          0.0,
          0.0,
          1.0
        ]
      ]
    },
    {
      "file_path": "./images/0023.jpg",
      "sharpness": 1594.127573783799,
      "transform_matrix": [
        [
          0.926984596288347,
          0.010359670754300884,
          -0.3749563114146566,
          -1.0872403020405645
        ],
        [
          -0.37502701146779727,
          0.04523433267641082,
          -0.9259096045602153,
          -3.224116054323044
        ],
        [
          0.007368779878161777,
          0.9989226858835815,
          0.04581668597719124,
          -0.1338885658916112
        ],
        [
          0.0,
          0.0,
          0.0,
          1.0
        ]
      ]
    },
    {
      "file_path": "./images/0032.jpg",
      "sharpness": 997.0741304786777,
      "transform_matrix": [
        [
          0.8314704199267614,
          -0.10805779093756132,
          0.5449591311357221,
          2.251586291867141
        ],
        [
          0.5544332296288353,
          0.22408001487893248,
          -0.8014935687921633,
          -1.9888187859023079
        ],
        [
          -0.035506825718959176,
          0.9685616453035212,
          0.2462267340846506,
          -0.17165780810615622
        ],
        [
          0.0,
          0.0,
          0.0,
          1.0
        ]
      ]
    },
    {
      "file_path": "./images/0021.jpg",
      "sharpness": 1537.2271080787748,
      "transform_matrix": [
        [
          0.862552029509606,
          -0.02435740915030104,
          -0.505381749781327,
          -1.796494526449359
        ],
        [
          -0.5054956958279945,
          0.0016803287891189284,
          -0.8628274902867509,
          -3.2878604731421137
        ],
        [
          0.021865449710694727,
          0.9997019021279988,
          -0.010863194479700659,
          -0.14550435830354524
        ],
        [
          0.0,
          0.0,
          0.0,
          1.0
        ]
      ]
    },
    {
      "file_path": "./images/0031.jpg",
      "sharpness": 1195.4757869730631,
      "transform_matrix": [
        [
          0.8973018922204326,
          -0.07334602827496524,
          0.4352811440409645,
          1.9521989240284794
        ],
        [
          0.4403529364185216,
          0.2171767785359721,
          -0.8711621767801475,
          -2.2780652211342245
        ],
        [
          -0.030636670970072118,
          0.9733727996017495,
          0.22717127325218253,
          -0.1312027917628195
        ],
        [
          0.0,
          0.0,
          0.0,
          1.0
        ]
      ]
    },
    {
      "file_path": "./images/0024.jpg",
      "sharpness": 1184.7828978013592,
      "transform_matrix": [
        [
          0.952712561556459,
          0.022427134783557942,
          -0.30304421902029904,
          -0.7352411495466882
        ],
        [
          -0.30384599216798247,
          0.08359380910625157,
          -0.9490467259953876,
          -3.1140660603349226
        ],
        [
          0.004048221755743077,
          0.9962475087588302,
          0.08645526702367377,
          -0.15157841912358794
        ],
        [
          0.0,
          0.0,
          0.0,
          1.0
        ]
      ]
    },
    {
      "file_path": "./images/0033.jpg",
      "sharpness": 1004.7781054386093,
      "transform_matrix": [
        [
          0.7346375260912552,
          -0.13773286206425556,
          0.6643322692522177,
          2.5481991049255686
        ],
        [
          0.6773325224407052,
          0.20531177731650269,
          -0.7064472578609476,
          -1.7008360575689472
        ],
        [
          -0.03909423620624469,
          0.96895651750028,
          0.24412068305015422,
          -0.2073480761072697
        ],
        [
          0.0,
          0.0,
          0.0,
          1.0
        ]
      ]
    },
    {
      "file_path": "./images/0035.jpg",
      "sharpness": 1170.6637941984202,
      "transform_matrix": [
        [
          0.43709638444951415,
          -0.16853666595686034,
          0.8834829613144782,
          2.9451320718257525
        ],
        [
          0.8969019943141636,
          0.15504970822818467,
          -0.4141574586719794,
          -1.10244845068083
        ],
        [
          -0.06718305811064083,
          0.97342435772386,
          0.21893253868825974,
          -0.2111560166338992
        ],
        [
          0.0,
          0.0,
          0.0,
          1.0
        ]
      ]
    },
    {
      "file_path": "./images/0039.jpg",
      "sharpness": 1328.4223823241998,
      "transform_matrix": [
        [
          0.0023561194721859746,
          -0.1643328051818422,
          0.9864021379973744,
          3.7748070107514833
        ],
        [
          0.9983490513930091,
          0.05699655392922343,
          0.0071108665346374875,
          0.09965250911901312
        ],
        [
          -0.057390071299179314,
          0.9847568847106087,
          0.16419579085660457,
          -0.2568804611617803
        ],
        [
          0.0,
          0.0,
          0.0,
          1.0
        ]
      ]
    },
    {
      "file_path": "./images/0034.jpg",
      "sharpness": 1099.5452038838707,
      "transform_matrix": [
        [
          0.5674311691592865,
          -0.17417295217916737,
          0.8047891966219544,
          2.763763418424336
        ],
        [
          0.8223247049459274,
          0.17027923264745182,
          -0.5429429643752558,
          -1.4128431141485307
        ],
        [
          -0.0424729078735987,
          0.9698807997180787,
          0.2398484655749847,
          -0.21884938344343835
        ],
        [
          0.0,
          0.0,
          0.0,
          1.0
        ]
      ]
    },
    {
      "file_path": "./images/0038.jpg",
      "sharpness": 1273.834423228605,
      "transform_matrix": [
        [
          0.1236355492959908,
          -0.16635836552395086,
          0.9782837753812388,
          3.663292347570403
        ],
        [
          0.9898912828907572,
          0.08971671766822478,
          -0.10984606787560813,
          -0.2058562615837343
        ],
        [
          -0.06949459696426452,
          0.9819754603831534,
          0.17576887153805765,
          -0.2452054474233436
        ],
        [
          0.0,
          0.0,
          0.0,
          1.0
        ]
      ]
    },
    {
      "file_path": "./images/0037.jpg",
      "sharpness": 1071.8847622702517,
      "transform_matrix": [
        [
          0.23416691923364907,
          -0.16452280356675625,
          0.9581743583747419,
          3.419252913667128
        ],
        [
          0.9689207416196639,
          0.12033143635257525,
          -0.21613176972515766,
          -0.5048745816434175
        ],
        [
          -0.07973989212441233,
          0.9790059205824571,
          0.18758719858289025,
          -0.2515317639692602
        ],
        [
          0.0,
          0.0,
          0.0,
          1.0
        ]
      ]
    },
    {
      "file_path": "./images/0036.jpg",
      "sharpness": 1032.4069756211834,
      "transform_matrix": [
        [
          0.3339063722710921,
          -0.1642741739606591,
          0.9281813025104492,
          3.207815505775435
        ],
        [
          0.938913766827108,
          0.14503752198772954,
          -0.3120978303003586,
          -0.8003626339758586
        ],
        [
          -0.08335150280395333,
          0.9756936573478491,
          0.20266823627592567,
          -0.21523276114004472
        ],
        [
          0.0,
          0.0,
          0.0,
          1.0
        ]
      ]
    },
    {
      "file_path": "./images/0041.jpg",
      "sharpness": 1185.5215566828224,
      "transform_matrix": [
        [
          -0.04695937591854442,
          -0.14048207490159378,
          0.988968959901359,
          3.759221521496532
        ],
        [
          0.9987434245708978,
          0.010745916571111333,
          0.048949945387543034,
          0.056691526312089395
        ],
        [
          -0.017503967828880494,
          0.9900249046928482,
          0.13980092704219113,
          -0.2496092782681866
        ],
        [
          0.0,
          0.0,
          0.0,
          1.0
        ]
      ]
    },
    {
      "file_path": "./images/0040.jpg",
      "sharpness": 1147.4177847247654,
      "transform_matrix": [
        [
          -0.10603837151194295,
          -0.14819452074611647,
          0.9832569591879917,
          3.7712785507127986
        ],
        [
          0.9930542826947251,
          0.03491478386509592,
          0.11235724048462857,
          0.4184760055930493
        ],
        [
          -0.050980931619875894,
          0.9883417131195932,
          0.14346289667607706,
          -0.2580897376244374
        ],
        [
          0.0,
          0.0,
          0.0,
          1.0
        ]
      ]
    },
    {
      "file_path": "./images/0043.jpg",
      "sharpness": 1440.3524133605208,
      "transform_matrix": [
        [
          -0.0991973641849641,
          -0.144970361926968,
          0.9844508505279538,
          3.6637121751416393
        ],
        [
          0.9950460156603854,
          -0.020994704730402436,
          0.09717329412794948,
          0.3482512077997205
        ],
        [
          0.0065810073090633615,
          0.989213231077981,
          0.1463348003953712,
          -0.27633047514476516
        ],
        [
          0.0,
          0.0,
          0.0,
          1.0
        ]
      ]
    },
    {
      "file_path": "./images/0045.jpg",
      "sharpness": 1141.4643909930005,
      "transform_matrix": [
        [
          -0.1668374888375141,
          -0.1277719886745307,
          0.9776704819274437,
          3.4516790512930235
        ],
        [
          0.9856529878585255,
          -0.04732013608212128,
          0.16201540743624573,
          0.45450231150971715
        ],
        [
          0.02556246944423625,
          0.9906740753825193,
          0.13383361507706748,
          -0.27294443831782494
        ],
        [
          0.0,
          0.0,
          0.0,
          1.0
        ]
      ]
    },
    {
      "file_path": "./images/0042.jpg",
      "sharpness": 1326.5319037595964,
      "transform_matrix": [
        [
          -0.04238082335601599,
          -0.14400288980181566,
          0.9886693246703291,
          3.7550742455583603
        ],
        [
          0.9990953853111904,
          -0.009578779425868714,
          0.041432572145557914,
          0.06682360572847272
        ],
        [
          0.0035038352652571048,
          0.9895309063981427,
          0.14427857923128393,
          -0.2508828940509085
        ],
        [
          0.0,
          0.0,
          0.0,
          1.0
        ]
      ]
    },
    {
      "file_path": "./images/0044.jpg",
      "sharpness": 1175.9834894745252,
      "transform_matrix": [
        [
          -0.16181693317667095,
          -0.14165306245200365,
          0.9766010905374606,
          3.57726029268742
        ],
        [
          0.9867775525966458,
          -0.032491464390798114,
          0.15879032222751097,
          0.5549348912538394
        ],
        [
          0.009238064125945102,
          0.9893829969447623,
          0.14503773140634604,
          -0.26814492722792127
        ],
        [
          0.0,
          0.0,
          0.0,
          1.0
        ]
      ]
    },
    {
      "file_path": "./images/0047.jpg",
      "sharpness": 1517.9491449349675,
      "transform_matrix": [
        [
          -0.11716716256651233,
          -0.008131265246848303,
          0.993078918588694,
          3.4358085225743857
        ],
        [
          0.9869146358538696,
          -0.1124940540568961,
          0.11551878349112629,
          0.1107297115337516
        ],
        [
          0.11077615968092086,
          0.9936191273979063,
          0.021205473799574964,
          -0.4038851703070236
        ],
        [
          0.0,
          0.0,
          0.0,
          1.0
        ]
      ]
    },
    {
      "file_path": "./images/0046.jpg",
      "sharpness": 1343.6187886281707,
      "transform_matrix": [
        [
          -0.12591789386793467,
          -0.07723922033727262,
          0.9890292143557974,
          3.447180583670438
        ],
        [
          0.9893063201208789,
          -0.08374707971275555,
          0.11941286198928483,
          0.201616873486638
        ],
        [
          0.07360495209460427,
          0.9934890686288109,
          0.08695850473589324,
          -0.3463413550083803
        ],
        [
          0.0,
          0.0,
          0.0,
          1.0
        ]
      ]
    },
    {
      "file_path": "./images/0048.jpg",
      "sharpness": 1416.6791923963574,
      "transform_matrix": [
        [
          -0.15024692302446346,
          0.061567894431958786,
          0.9867295761760605,
          3.4566848254525318
        ],
        [
          0.9814090472241229,
          -0.11127288553285443,
          0.15637975243564323,
          0.20845445832309845
        ],
        [
          0.11942421927097428,
          0.9918809098495931,
          -0.04370487994669926,
          -0.42690031548255064
        ],
        [
          0.0,
          0.0,
          0.0,
          1.0
        ]
      ]
    },
    {
      "file_path": "./images/0056.jpg",
      "sharpness": 1304.3400471121897,
      "transform_matrix": [
        [
          -0.026445073481947648,
          -0.04940171633581008,
          0.9984288299700198,
          5.471615871239126
        ],
        [
          0.9996365050064518,
          0.00393411699206665,
          0.026671718766899964,
          0.0068573270473264916
        ],
        [
          -0.005245564510065177,
          0.998771241651592,
          0.04927972104630761,
          -0.0017397994898662296
        ],
        [
          0.0,
          0.0,
          0.0,
          1.0
        ]
      ]
    },
    {
      "file_path": "./images/0057.jpg",
      "sharpness": 1305.9088248962405,
      "transform_matrix": [
        [
          -0.018443599636474173,
          -0.0478849746563057,
          0.9986825635998191,
          5.562557376507512
        ],
        [
          0.9998297295488562,
          -0.00029606724648777454,
          0.01845058954203464,
          0.011014431583338483
        ],
        [
          -0.0005878288158938835,
          0.9988528127557356,
          0.04788228180582773,
          0.003537162450505807
        ],
        [
          0.0,
          0.0,
          0.0,
          1.0
        ]
      ]
    },
    {
      "file_path": "./images/0051.jpg",
      "sharpness": 1564.2530871997224,
      "transform_matrix": [
        [
          -0.19241039940757396,
          0.07261532341933927,
          0.9786241633069432,
          4.069850117498005
        ],
        [
          0.9795766485587245,
          -0.04511230186197529,
          0.19594506837165587,
          0.5178453950070079
        ],
        [
          0.05837660317675814,
          0.9963392469581361,
          -0.06245219912966643,
          -0.0984606896350775
        ],
        [
          0.0,
          0.0,
          0.0,
          1.0
        ]
      ]
    },
    {
      "file_path": "./images/0052.jpg",
      "sharpness": 1274.4081671476956,
      "transform_matrix": [
        [
          -0.14731948364350358,
          0.017827385266190113,
          0.9889282856088575,
          4.367120780880955
        ],
        [
          0.9884774038883462,
          -0.03250057857220049,
          0.14783820343412346,
          0.3881699728560901
        ],
        [
          0.034776310058383705,
          0.9993127121830947,
          -0.012833999052669187,
          -0.08237514029389871
        ],
        [
          0.0,
          0.0,
          0.0,
          1.0
        ]
      ]
    },
    {
      "file_path": "./images/0050.jpg",
      "sharpness": 1631.9823625825668,
      "transform_matrix": [
        [
          -0.11392802662520717,
          0.10049272679714785,
          0.9883934523325475,
          3.8642088187864605
        ],
        [
          0.9862783562405056,
          -0.1082056200783752,
          0.12468579628402927,
          0.050050845824406213
        ],
        [
          0.11947974205250506,
          0.9890362762042556,
          -0.08678614863433093,
          -0.19825626569861365
        ],
        [
          0.0,
          0.0,
          0.0,
          1.0
        ]
      ]
    },
    {
      "file_path": "./images/0058.jpg",
      "sharpness": 1461.6297675643918,
      "transform_matrix": [
        [
          -0.020032377186399913,
          -0.043947629417072295,
          0.9988329738933202,
          5.495171651014637
        ],
        [
          0.9997993260521165,
          -0.0007734428678497721,
          0.020017727440090297,
          0.0502697124898751
        ],
        [
          -0.00010719142747808187,
          0.9990335368036669,
          0.043954304172038015,
          -0.011760724453373022
        ],
        [
          0.0,
          0.0,
          0.0,
          1.0
        ]
      ]
    },
    {
      "file_path": "./images/0054.jpg",
      "sharpness": 1382.0269978809308,
      "transform_matrix": [
        [
          -0.06343467871954468,
          -0.042245127710697015,
          0.9970914655758253,
          4.983601624579265
        ],
        [
          0.9979856668707833,
          -0.0018779254929713616,
          0.06341200293573986,
          0.1530493979199918
        ],
        [
          -0.0008063846803824137,
          0.9991055112370483,
          0.04227915755070734,
          -0.0582806941305413
        ],
        [
          0.0,
          0.0,
          0.0,
          1.0
        ]
      ]
    },
    {
      "file_path": "./images/0049.jpg",
      "sharpness": 1388.817747178744,
      "transform_matrix": [
        [
          -0.19695537847118433,
          0.08287635530434978,
          0.9769033159051268,
          3.5096879531163125
        ],
        [
          0.9741213636920592,
          -0.09615636477521892,
          0.20455200393039344,
          0.3927166988376171
        ],
        [
          0.1108879961502463,
          0.9919100076359464,
          -0.061793115030184254,
          -0.2709728027847232
        ],
        [
          0.0,
          0.0,
          0.0,
          1.0
        ]
      ]
    },
    {
      "file_path": "./images/0055.jpg",
      "sharpness": 1489.3092603888617,
      "transform_matrix": [
        [
          -0.043299980066034735,
          -0.04832299826474232,
          0.9978927795954227,
          5.25041334636213
        ],
        [
          0.999043391690002,
          0.0040209032626158225,
          0.043544619156577605,
          0.0896794879538045
        ],
        [
          -0.00611663688915819,
          0.9988236682114378,
          0.048102667051919616,
          -0.02168016065496584
        ],
        [
          0.0,
          0.0,
          0.0,
          1.0
        ]
      ]
    },
    {
      "file_path": "./images/0053.jpg",
      "sharpness": 1249.3977503218284,
      "transform_matrix": [
        [
          -0.09081100970358195,
          -0.021166045083095376,
          0.9956431886252466,
          4.6748459120834225
        ],
        [
          0.9958426117947,
          -0.00908913729646051,
          0.09063597584358118,
          0.23599594392234213
        ],
        [
          0.007131132488845004,
          0.9997346578579938,
          0.021903443352140207,
          -0.07493219330484313
        ],
        [
          0.0,
          0.0,
          0.0,
          1.0
        ]
      ]
    },
    {
      "file_path": "./images/0059.jpg",
      "sharpness": 1430.9121044038561,
      "transform_matrix": [
        [
          -0.03045189407909787,
          -0.035302421541958035,
          0.9989126193936891,
          5.210443394994333
        ],
        [
          0.9995358405297958,
          -0.00018930070182023978,
          0.03046420295429921,
          0.1311047999401032
        ],
        [
          -0.0008863652747241135,
          0.9993766573230594,
          0.0352918001535992,
          -0.029950277959084847
        ],
        [
          0.0,
          0.0,
          0.0,
          1.0
        ]
      ]
    },
    {
      "file_path": "./images/0060.jpg",
      "sharpness": 1206.0371724482598,
      "transform_matrix": [
        [
          -0.045221180285947675,
          -0.024690363027245595,
          0.9986718334021545,
          4.829749002671123
        ],
        [
          0.998963199151479,
          0.004136982258339907,
          0.045336653149942036,
          0.3339420679440133
        ],
        [
          -0.005250866081400893,
          0.9996865865635443,
          0.02447768481736458,
          -0.08181141415108648
        ],
        [
          0.0,
          0.0,
          0.0,
          1.0
        ]
      ]
    },
    {
      "file_path": "./images/0064.jpg",
      "sharpness": 1035.4626343329346,
      "transform_matrix": [
        [
          0.006656882553375834,
          -0.026347942199091534,
          0.9996306677269539,
          3.686580530041157
        ],
        [
          0.9977027143051531,
          -0.06721955269287716,
          -0.008415794906058118,
          0.1829641533983444
        ],
        [
          0.0674164652204322,
          0.9973902534521379,
          0.025839940780822045,
          -0.30833989899939096
        ],
        [
          0.0,
          0.0,
          0.0,
          1.0
        ]
      ]
    },
    {
      "file_path": "./images/0063.jpg",
      "sharpness": 1279.568859524197,
      "transform_matrix": [
        [
          -0.0003049085203243526,
          -0.03966177433951716,
          0.9992131157519538,
          3.857312954505778
        ],
        [
          0.9990735568359933,
          -0.04301233823410902,
          -0.0014024231577196462,
          0.21093434073191206
        ],
        [
          0.04303411509349094,
          0.99828697398071,
          0.039638144788214674,
          -0.18074120807205
        ],
        [
          0.0,
          0.0,
          0.0,
          1.0
