{
  "camera_angle_x": 0.6327328466281023,
  "camera_angle_y": 1.0455866330289207,
  "fl_x": 1649.5519277639903,
  "fl_y": 1665.8660598273423,
  "k1": 0.1340860836576198,
  "k2": -0.1799403201445592,
  "k3": 0,
  "k4": 0,
  "p1": 9.749663123418886e-05,
  "p2": 0.0033994035792572607,
  "is_fisheye": false,
  "cx": 546.3058329819072,
  "cy": 958.3220886875498,
  "w": 1080.0,
  "h": 1920.0,
  "aabb_scale": 32,
  "frames": [
    {
      "file_path": "./images/0003.jpg",
      "sharpness": 232.4395867630679,
      "transform_matrix": [
        [
          0.0692801371669839,
          -0.2423201349539478,
          0.9677195951427824,
          5.261860335892905
        ],
        [
          0.976329103497709,
          -0.182767042520704,
          -0.11566196363718856,
          -0.6353297024189335
        ],
        [
          0.20489447103118155,
          0.9528258814687058,
          0.2239220743435933,
          0.47371764761009993
        ],
        [
          0.0,
          0.0,
          0.0,
          1.0
        ]
      ]
    },
    {
      "file_path": "./images/0002.jpg",
      "sharpness": 457.69337862200354,
      "transform_matrix": [
        [
          0.04025560129323595,
          -0.24037978521941558,
          0.9698438252913065,
          5.37748827574335
        ],
        [
          0.9761472150886019,
          -0.19778605501869442,
          -0.08953932608481999,
          -0.42706166735334816
        ],
        [
          0.21334502816156764,
          0.9503148085399208,
          0.2266840613333342,
          0.4921621739375547
        ],
        [
          0.0,
          0.0,
          0.0,
          1.0
        ]
      ]
    },
    {
      "file_path": "./images/0013.jpg",
      "sharpness": 125.92332444200034,
      "transform_matrix": [
        [
          0.6985180518268816,
          -0.15961663596980596,
          0.6975636607700737,
          3.620176675863444
        ],
        [
          0.7133198572683411,
          0.07768600328762151,
          -0.6965196810720311,
          -3.442893036327285
        ],
        [
          0.056985195535570424,
          0.9841175816176071,
          0.1681227916583209,
          0.19698836961626628
        ],
        [
          0.0,
          0.0,
          0.0,
          1.0
        ]
      ]
    },
    {
      "file_path": "./images/0012.jpg",
      "sharpness": 156.53800857715373,
      "transform_matrix": [
        [
          0.6650763425006471,
          -0.1702034099648114,
          0.72712052502704,
          3.8446854564915025
        ],
        [
          0.7442575707505915,
          0.07118379150292616,
          -0.6640885002832915,
          -3.241605437634799
        ],
        [
          0.06127093141561078,
          0.9828345064646711,
          0.17401783213197236,
          0.23128329596706443
        ],
        [
          0.0,
          0.0,
          0.0,
          1.0
        ]
      ]
    },
    {
      "file_path": "./images/0006.jpg",
      "sharpness": 141.42404277233217,
      "transform_matrix": [
        [
          0.196174468718135,
          -0.23486880977559324,
          0.9520253253202039,
          4.818711124874075
        ],
        [
          0.9664138425888681,
          -0.11806309718177152,
          -0.22826605077689766,
          -1.5459226737045704
        ],
        [
          0.166011634160932,
          0.96483042412216,
          0.20381950359465337,
          0.39639215060254035
        ],
        [
          0.0,
          0.0,
          0.0,
          1.0
        ]
      ]
    },
    {
      "file_path": "./images/0009.jpg",
      "sharpness": 196.35036314356768,
      "transform_matrix": [
        [
          0.4054835360254119,
          -0.2183204673020905,
          0.8876481710692652,
          4.313403989329466
        ],
        [
          0.907132699330692,
          -0.02357934394499257,
          -0.42018362693583244,
          -2.4384724475804043
        ],
        [
          0.11266484731310397,
          0.9755922243079386,
          0.1884845990629085,
          0.30101691027794214
        ],
        [
          0.0,
          0.0,
          0.0,
          1.0
        ]
      ]
    },
    {
      "file_path": "./images/0001.jpg",
      "sharpness": 659.1890108946216,
      "transform_matrix": [
        [
          0.025132802712998364,
          -0.23872850288899536,
          0.9707610644074345,
          5.402481001822045
        ],
        [
          0.9757748816445766,
          -0.20524922756419434,
          -0.0757372757407441,
          -0.34992951845680803
        ],
        [
          0.2173286050694999,
          0.9491477527365394,
          0.22778678830833018,
          0.4926101773089366
        ],
        [
          0.0,
          0.0,
          0.0,
          1.0
        ]
      ]
    },
    {
      "file_path": "./images/0011.jpg",
      "sharpness": 82.89070949072591,
      "transform_matrix": [
        [
          0.5877504893761591,
          -0.18564552815650348,
          0.7874548241942929,
          3.988047656334194
        ],
        [
          0.8055401946874674,
          0.043819585993493275,
          -0.5909186396002848,
          -2.9073134637777898
        ],
        [
          0.07519545856134444,
          0.9816392319956176,
          0.17529991800598388,
          0.260718117343744
        ],
        [
          0.0,
          0.0,
          0.0,
          1.0
        ]
      ]
    },
    {
      "file_path": "./images/0016.jpg",
      "sharpness": 212.09490158783962,
      "transform_matrix": [
        [
          0.8346170037170193,
          -0.06763845339971741,
          0.5466621413280837,
          2.6794941051026995
        ],
        [
          0.5507608164744836,
          0.1182804035057977,
          -0.8262398375675678,
          -3.811102486372829
        ],
        [
          -0.00877383390732503,
          0.9906739048758251,
          0.1359714457919486,
          0.2630084854001947
        ],
        [
          0.0,
          0.0,
          0.0,
          1.0
        ]
      ]
    },
    {
      "file_path": "./images/0004.jpg",
      "sharpness": 189.6108413683832,
      "transform_matrix": [
        [
          0.10971022741340174,
          -0.24053599273012846,
          0.9644200859768102,
          5.122405292256053
        ],
        [
          0.9749684331256644,
          -0.16274062427028163,
          -0.15149931888104587,
          -0.9132924099871894
        ],
        [
          0.19339136591565542,
          0.956900164827144,
          0.21666068904432803,
          0.4426331210011797
        ],
        [
          0.0,
          0.0,
          0.0,
          1.0
        ]
      ]
    },
    {
      "file_path": "./images/0007.jpg",
      "sharpness": 154.37093359488023,
      "transform_matrix": [
        [
          0.2409267857658998,
          -0.2328492035155363,
          0.9421971833729809,
          4.629213715748167
        ],
        [
          0.958513824180079,
          -0.09528706473512706,
          -0.2686477696737108,
          -1.8130867051860269
        ],
        [
          0.15233362320006444,
          0.9678334690172002,
          0.2002319742872608,
          0.3681489406912655
        ],
        [
          0.0,
          0.0,
          0.0,
          1.0
        ]
      ]
    },
    {
      "file_path": "./images/0018.jpg",
      "sharpness": 57.40773726687751,
      "transform_matrix": [
        [
          0.8983608001054049,
          -0.023936524272015786,
          0.43860564938568525,
          1.9497692617783529
        ],
        [
          0.437824065227622,
          0.12941920963235748,
          -0.8896970024039137,
          -3.5192820095662634
        ],
        [
          -0.035467742591001244,
          0.991301019376802,
          0.1267451310785274,
          0.3887548760997705
        ],
        [
          0.0,
          0.0,
          0.0,
          1.0
        ]
      ]
    },
    {
      "file_path": "./images/0005.jpg",
      "sharpness": 169.8800539419938,
      "transform_matrix": [
        [
          0.15413449340379598,
          -0.23864444226456563,
          0.9587968440460555,
          4.990404668519131
        ],
        [
          0.9714497810664989,
          -0.14052912947189128,
          -0.19114624410785314,
          -1.2630912617388885
        ],
        [
          0.180354874650274,
          0.9608852137373928,
          0.21017070501102258,
          0.418813388528893
        ],
        [
          0.0,
          0.0,
          0.0,
          1.0
        ]
      ]
    },
    {
      "file_path": "./images/0015.jpg",
      "sharpness": 102.15869741905274,
      "transform_matrix": [
        [
          0.7989989672543183,
          -0.09490720350380293,
          0.5937956492623594,
          2.999170176360213
        ],
        [
          0.6012306314572646,
          0.10791720205006886,
          -0.7917547633579468,
          -3.778032599552391
        ],
        [
          0.011062465393220144,
          0.9896193714042716,
          0.14328685087941517,
          0.22359976820631866
        ],
        [
          0.0,
          0.0,
          0.0,
          1.0
        ]
      ]
    },
    {
      "file_path": "./images/0008.jpg",
      "sharpness": 171.3170025584139,
      "transform_matrix": [
        [
          0.33166186113849305,
          -0.2272916249030268,
          0.9156085010245258,
          4.476125354558083
        ],
        [
          0.9338044606086982,
          -0.05896713793988183,
          -0.3528910681659321,
          -2.1622223412755206
        ],
        [
          0.13419999707604113,
          0.9720398108750099,
          0.19268878247829396,
          0.3375217929047831
        ],
        [
          0.0,
          0.0,
          0.0,
          1.0
        ]
      ]
    },
    {
      "file_path": "./images/0023.jpg",
      "sharpness": 36.692281000343776,
      "transform_matrix": [
        [
          0.9861522606562589,
          0.07483771811090686,
          0.14799673909849673,
          -0.15086382284230662
        ],
        [
          0.13504524305859736,
          0.15561658973625506,
          -0.9785429266654158,
          -2.5406026594900393
        ],
        [
          -0.09626266753580248,
          0.984978574883728,
          0.14335517393178743,
          0.7907567562773853
        ],
        [
          0.0,
          0.0,
          0.0,
          1.0
        ]
      ]
    },
    {
      "file_path": "./images/0014.jpg",
      "sharpness": 168.845231872112,
      "transform_matrix": [
        [
          0.7416697942095989,
          -0.1316980628044495,
          0.6577093101393142,
          3.3359139178207955
        ],
        [
          0.6697355622717546,
          0.0910880715627807,
          -0.736992021563548,
          -3.6155754016221637
        ],
        [
          0.03715094883277731,
          0.9870960356046746,
          0.15576014743335564,
          0.20350561236526868
        ],
        [
          0.0,
          0.0,
          0.0,
          1.0
        ]
      ]
    },
    {
      "file_path": "./images/0025.jpg",
      "sharpness": 25.378888406244865,
      "transform_matrix": [
        [
          0.9910149728735675,
          0.127439575482941,
          -0.04060145532386683,
          -0.8102188660118641
        ],
        [
          -0.06102378651021095,
          0.1606904216289164,
          -0.9851165849164716,
          -1.9078069987475603
        ],
        [
          -0.11901857440821997,
          0.9787429402199864,
          0.16702345927884588,
          0.9565136931141895
        ],
        [
          0.0,
          0.0,
          0.0,
          1.0
        ]
      ]
    },
    {
      "file_path": "./images/0010.jpg",
      "sharpness": 207.22092239415684,
      "transform_matrix": [
        [
          0.4973832598255963,
          -0.20620810670731626,
          0.84266725912826,
          4.1187640695872965
        ],
        [
          0.8622697023046456,
          0.010694949144090542,
          -0.5063364282283849,
          -2.6492601010688817
        ],
        [
          0.09539839274015324,
          0.9784497099110794,
          0.1831264914522789,
          0.27932400837979815
        ],
        [
          0.0,
          0.0,
          0.0,
          1.0
        ]
      ]
    },
    {
      "file_path": "./images/0026.jpg",
      "sharpness": 31.133505488101274,
      "transform_matrix": [
        [
          0.9469481298138911,
          0.20120574337634967,
          -0.2506102318494419,
          -1.2035051788755868
        ],
        [
          -0.2817417426149477,
          0.14453074448924474,
          -0.9485422786394355,
          -1.6659789718281377
        ],
        [
          -0.1546312709117221,
          0.9688277002454181,
          0.19355117495768848,
          1.0428564856886184
        ],
        [
          0.0,
          0.0,
          0.0,
          1.0
        ]
      ]
    },
    {
      "file_path": "./images/0022.jpg",
      "sharpness": 53.739513365415206,
      "transform_matrix": [
        [
          0.9748300831276348,
          0.05854149843063072,
          0.2151260142896519,
          0.2477008991485939
        ],
        [
          0.20453882127032985,
          0.14911732938846456,
          -0.9674336631884439,
          -2.8221147859481603
        ],
        [
          -0.08871403300814318,
          0.9870850596938524,
          0.13339004951912756,
          0.698474872171339
        ],
        [
          0.0,
          0.0,
          0.0,
          1.0
        ]
      ]
    },
    {
      "file_path": "./images/0027.jpg",
      "sharpness": 37.705258969823454,
      "transform_matrix": [
        [
          0.8340612266809659,
          0.28061709320075007,
          -0.47496938552320467,
          -1.5730730789297165
        ],
        [
          -0.5182373830750883,
          0.10337480594547575,
          -0.8489662327089543,
          -1.4565653844353221
        ],
        [
          -0.1891345683898751,
          0.9542367088582772,
          0.23164718548128527,
          1.1170244327277559
        ],
        [
          0.0,
          0.0,
          0.0,
          1.0
        ]
      ]
    },
    {
      "file_path": "./images/0019.jpg",
      "sharpness": 85.30819974559455,
      "transform_matrix": [
        [
          0.9203080911127899,
          -0.001895729897129439,
          0.39118975405009765,
          1.542066319975606
        ],
        [
          0.3878700601327825,
          0.13451023365091347,
          -0.9118463760396175,
          -3.354928060111519
        ],
        [
          -0.05089041078247458,
          0.9909103911478755,
          0.12452615323560272,
          0.4648644901706634
        ],
        [
          0.0,
          0.0,
          0.0,
          1.0
        ]
      ]
    },
    {
      "file_path": "./images/0028.jpg",
      "sharpness": 21.373523674086567,
      "transform_matrix": [
        [
          0.6516540232122918,
          0.3380225684908815,
          -0.6790344448224603,
          -1.8711635906329829
        ],
        [
          -0.7279805719567167,
          0.027262000738360215,
          -0.6850555234213704,
          -1.2295548965441954
        ],
        [
          -0.21305239004963505,
          0.9407430714815052,
          0.2638392552062395,
          1.2010091115327335
        ],
        [
          0.0,
          0.0,
          0.0,
          1.0
        ]
      ]
    },
    {
      "file_path": "./images/0024.jpg",
      "sharpness": 43.97997972443919,
      "transform_matrix": [
        [
          0.9939809175764841,
          0.09337195992801661,
          0.05730281516904687,
          -0.515866763978267
        ],
        [
          0.04192595738388405,
          0.15902985993799168,
          -0.9863831495653008,
          -2.2489630773786446
        ],
        [
          -0.10121338658526821,
          0.982848503473654,
          0.15415793729043303,
          0.8650377141056929
        ],
        [
          0.0,
          0.0,
          0.0,
          1.0
        ]
      ]
    },
    {
      "file_path": "./images/0021.jpg",
      "sharpness": 79.40344547357445,
      "transform_matrix": [
        [
          0.9630289170255504,
          0.04195977428927594,
          0.26611028230317335,
          0.6726361163095137
        ],
        [
          0.2577274098908895,
          0.14409465128491705,
          -0.955412640518654,
          -3.0305757223441416
        ],
        [
          -0.0784339670810904,
          0.9886739143145311,
          0.12795313202890646,
          0.6068438125068921
        ],
        [
          0.0,
          0.0,
          0.0,
          1.0
        ]
      ]
    },
    {
      "file_path": "./images/0029.jpg",
      "sharpness": 45.324679761020384,
      "transform_matrix": [
        [
          0.43887162368361377,
          0.36341250234194233,
          -0.8217804153788054,
          -2.2616164666572987
        ],
        [
          -0.8701671021511135,
          -0.05615651618033232,
          -0.4895463818937242,
          -1.0698842494384682
        ],
        [
          -0.2240556008493424,
          0.9299342981448513,
          0.2915841026118955,
          1.308187884341301
        ],
        [
          0.0,
          0.0,
          0.0,
          1.0
        ]
      ]
    },
    {
      "file_path": "./images/0020.jpg",
      "sharpness": 91.80614865234725,
      "transform_matrix": [
        [
          0.9401677055944362,
          0.021794182141469998,
          0.3400142629587238,
          1.1497849454402382
        ],
        [
          0.3340028282852948,
          0.13811364449582628,
          -0.9323983761795809,
          -3.155508335378122
        ],
        [
          -0.06728146907666013,
          0.9901765675182883,
          0.12257066978151078,
          0.5357362192530942
        ],
        [
          0.0,
          0.0,
          0.0,
          1.0
        ]
      ]
    },
    {
      "file_path": "./images/0031.jpg",
      "sharpness": 85.42196822996954,
      "transform_matrix": [
        [
          0.09175195445893922,
          0.33806950815986386,
          -0.9366379164537377,
          -2.6332265313536354
        ],
        [
          -0.9721609646473728,
          -0.17324535046531064,
          -0.1577628199508883,
          -0.6884662124797059
        ],
        [
          -0.2156029630418361,
          0.9250378674564187,
          0.31276237966443987,
          1.4588017326652465
        ],
        [
          0.0,
          0.0,
          0.0,
          1.0
        ]
      ]
    },
    {
      "file_path": "./images/0030.jpg",
      "sharpness": 94.60524999813923,
      "transform_matrix": [
        [
          0.24141584826945195,
          0.3602157093347965,
          -0.9010899128200563,
          -2.427332174791967
        ],
        [
          -0.9434583828471265,
          -0.13024352050629145,
          -0.3048325855324975,
          -0.8705879692067439
        ],
        [
          -0.22716660856433996,
          0.9237322491655668,
          0.3084056806205113,
          1.3822934162772964
        ],
        [
          0.0,
          0.0,
          0.0,
          1.0
        ]
      ]
    },
    {
      "file_path": "./images/0034.jpg",
      "sharpness": 110.88393106683216,
      "transform_matrix": [
        [
          0.09316754191050898,
          0.29590287085169853,
          -0.9506636104266124,
          -2.8657952038979047
        ],
        [
          -0.9717538486842859,
          -0.1809107393451541,
          -0.15154458735857831,
          -0.6708871518583207
        ],
        [
          -0.21682773509225142,
          0.9379300589302012,
          0.27068974469686674,
          1.5291602950585712
        ],
        [
          0.0,
          0.0,
          0.0,
          1.0
        ]
      ]
    },
    {
      "file_path": "./images/0017.jpg",
      "sharpness": 144.6113382331584,
      "transform_matrix": [
        [
          0.8688523446780029,
          -0.04425372805490599,
          0.4930894551032961,
          2.3346606643117913
        ],
        [
          0.4945276559896844,
          0.12424416112651383,
          -0.8602358896768562,
          -3.668924573146918
        ],
        [
          -0.02319484058480914,
          0.9912643421473681,
          0.12983452311112073,
          0.32706046986714005
        ],
        [
          0.0,
          0.0,
          0.0,
          1.0
        ]
      ]
    },
    {
      "file_path": "./images/0033.jpg",
      "sharpness": 169.75054687298856,
      "transform_matrix": [
        [
          0.0559184815353906,
          0.2942812494623657,
          -0.9540815843893702,
          -2.9801790924298386
        ],
        [
          -0.9768498159886979,
          -0.1814997339169407,
          -0.11323552265848844,
          -0.5546759729324419
        ],
        [
          -0.20648864479318788,
          0.9383263786318913,
          0.27731939486652346,
          1.533092543069094
        ],
        [
          0.0,
          0.0,
          0.0,
          1.0
        ]
      ]
    },
    {
      "file_path": "./images/0032.jpg",
      "sharpness": 133.0384343107384,
      "transform_matrix": [
        [
          0.0409259089927264,
          0.3102703900446405,
          -0.9497670004100751,
          -2.8847168091180846
        ],
        [
          -0.9776727052998638,
          -0.18364907562776406,
          -0.10212295693686135,
          -0.5467508448722183
        ],
        [
          -0.20610956136837652,
          0.9327407475371216,
          0.29582688625364756,
          1.5039045049676663
        ],
        [
          0.0,
          0.0,
          0.0,
          1.0
        ]
      ]
    }
  ]
}